50750013
10084533
50740034
10809062
10809062
51568698
10084265
50632032
10080833
50276957
50910126
50854089
10978561
10084384
10111376
12640128
50034222
12650054
10876762
50220014
51160007
50905115
50513726
50811006
51742245
50319296
12637430
50854090
50953807
50855066
51602008
50329006
10084762
10084624
10135468
50242513
50510060
50622035
10111352
10095672
10084760
50544011
50155894
50782101
10109557
10749208
50913127
10740139
50032545
10084783
10084774
50986012
50535628
50655016
10097822
10109556
50852064
50905007
50785093
50748006
10841976
50894023
50256314
50748024
50625040
50482217
12654851
50859025
10135464
50909009
50771050
10084599
10096255
50013028
50501596
10736047
51146083
50015035
50910104
50598049
10083960
10131424
10096570
50574089
50337337
10592194
10084379
50955011
51743246
10101122
50857008
51486004
10093056
10084367
50029247
10986485
50634025
50926011
50525600
51748004
50622034
10564163
50501316
50738036
51749019
10882878
10785698
50552619
10084594
10096221
51741327
10096438
50887020
10084577
10537522
51300183
50119220
50212115
10096603
51197813
50738037
51598001
50908011
51782030
50848019
10091976
10642377
10084474
10084427
10988641
50477088
10096502
10096401
10092779
12651919
10789396
50543021
50131466
10581674
10078617
50134040
50198873
50851082
50327478
51501719
50849014
50269215
50746007
50852080
12636489
51749005
50269216
10677416
10677427
50282129
50853062
50854061
50781145
10084637
50313539
50229224
10969157
50908121
50260010
50851086
50209316
50668001
10090228
50014036
10092241
51580067
51207400
51299358
50598037
5074303023
50568156
50966009
10004544
10004925
10104596
51525180
50219721
51295029
10004417
10075612
10092004
51486100
10004830
10002758
10005167
51724126
10004235
10005647
12652137
10094247
12652154
10003973
10103933
50015085
10004444
50477169
50244913
10003940
10001711
10091429
10001630
10094232
50912163
51625069
10587767
10772276
51500010
50546019
50863006
10005812
51501005
10134651
12652136
50832039
51122168
12633663
10590271
50015036
50742031
10075613
50048407
10106787
12633587
50033494
10004847
10005249
10598556
10006217
50744031
50044020
50562031
10005783
10090483
10939336
12633562
10004048
50113237
50741043
51597007
51571852
10004127
10953404
50014034
10003147
10886218
10002532
50067508
10004588
10568433
50191128
50013101
51144192
50237679
50542010
10003619
10097594
50543014
10098421
51346118
10098468
10850253
50075169
51298161
10097983
50275921
12650387
10004152
10004427
10103723
50949307
10094683
50557011
10613898
50540019
51114040
10004798
50859004
10558372
50853055
10104488
10004416
50306928
50737045
51384086
10848994
10097660
10869754
10134649
51125023
50657020
50748027
50658019
10002355
10075615
12652261
10094214
10096573
50329159
50630022
50766039
50986017
51744229
50484002
51744239
10134650
50202046
10002508
10098398
10004454
50834012
50908119
51469052
10002750
10094688
50033491
10006730
10895941
10077419
10005734
10004509
50597036
50836012
10094229
10094234
10098462
50203090
50863008
10005312
51621108
10101067
10004516
10091755
10098397
50907013
50191205
50816034
12633584
10106413
50864004
51361072
10002988
10778422
10735911
50277266
51489089
12652153
10002076
10953321
50888016
51621146
50910014
10092321
10785991
12652304
50326144
50738041
50960009
10568602
10075617
50567563
50595032
10098092
50059946
50910012
10005327
50893014
12633682
50658023
10558414
50543022
50507015
50750020
10764740
50018338
10953997
50329357
50515002
51161028
50512770
50015249
50334203
51763005
50325662
51489011
51138310
50658017
10089779
10053618
10839214
50013363
50207165
51117052
10052108
10052348
10048123
10050676
51749008
10667934
10824294
10054581
10050170
10055889
50501595
10054059
10101108
50545012
51449023
50067660
50068241
50133549
10052142
10542181
50225313
51359050
50015038
50485412
10095781
10092075
10050469
50319459
50014038
10099739
50044001
10758983
50892015
10050263
50297251
10053823
50015037
51459004
50596042
10741698
50033506
10052387
50742008
10805837
10091884
50544012
50044003
10092002
50909097
51360052
10091390
10109564
10648705
10618938
10092079
10832961
50746023
50801009
50795035
51509020
51570756
51481202
51361379
10014184
10010784
50013030
51190599
50737021
10013107
10093035
10096448
50015041
50016365
50014039
50633020
10684700
50068377
10013182
10013996
10089730
10109264
50015040
50067347
50598043
10641087
10097293
50034543
50771048
10738237
50244473
10684755
10092281
10948613
50325534
10013121
50542013
50685001
10641080
10012707
10109478
10096647
12634213
50054565
50752011
50925022
10084479
50893022
10661500
50749020
10106395
10106396
50911068
10101064
10101063
50853036
50014108
50510746
10848680
10097476
50015090
50858002
10826443
10913765
50015089
50953902
10084295
10084363
51116132
10690595
10860942
12649035
50907117
50747020
51148570
51475236
10084294
50334148
50908017
10084459
10666602
12633740
50032567
10096501
50629037
50792023
10752785
10543770
50598048
10734012
10096265
51138320
50501140
10100320
50852042
50207164
10543779
50737043
50852057
50905112
10019356
10019791
10079169
50767021
50478823
50256313
10096482
10020522
50013107
50207163
10021454
50628021
50836015
10949987
50851075
10780069
50337792
50632031
51599005
10019550
50284024
10023010
50014109
10775534
10132424
51302178
50744015
10777861
10084626
50905111
50950747
10092581
50901005
10084281
50225992
10092185
10870065
50853059
50293209
50206663
10535796
50911151
12641504
50655015
10048912
10050706
10051815
10098525
50137386
50853078
50737022
10616280
50782100
51629072
10047087
51500303
10075983
50987022
10075980
10098534
10098538
10134541
50621053
51140213
10040016
10048856
10045594
10049023
10077585
10717114
50034535
50910015
51302216
50908122
10723889
10052926
10075919
10048670
50656018
50856004
51335747
10047808
10659327
50987019
10044924
10051175
10049654
50061058
10091700
10897732
12652175
50749011
10077138
10077579
10049983
10080702
10560901
50659011
10077624
10051605
10093735
10052396
10053738
10093731
50852050
10091943
10135165
50545034
50910105
51732408
51743247
10047268
10052297
50055115
50521754
10047508
10849336
10743355
51482319
12646572
50597037
51146566
10050603
10616286
51466041
10049384
10053150
10049693
10077578
50042019
50629035
50853056
50123008
50740039
10050329
10049480
50068227
50738008
50914118
10053402
10907169
50014042
10048743
50857019
50540020
10051030
50499035
51148501
50748017
50838018
10077179
10077196
10047531
51155090
10731364
51121031
10558646
50737044
51341707
10597552
50202045
51138185
50013038
10050504
10819595
50748012
50855060
51292091
51608090
10098559
10048917
50745002
10050808
50657021
50746006
51140041
10047696
10098565
50801007
51562898
50013175
10079884
50237594
10048961
50273397
10630779
50080598
10048096
10097239
10135164
50238244
50328700
50743005
10052629
10739432
50015042
10047733
10100195
10097238
50014145
10050527
10980012
10053297
50929012
10053745
10104313
10049850
50525599
10092254
10049449
10048916
10077553
50655012
51140040
51752016
10077532
50783094
51398353
50013037
50854082
10636358
51298160
50123007
10817272
10075929
10044396
10054089
50781087
51605100
10047869
50794027
10077534
12636915
10093729
50512481
50525598
51401118
50597035
10050778
10052635
10050268
50912128
51490063
50259331
12636639
10077592
50529178
10090845
50276448
50594033
10049792
10046496
10050475
50013036
50737048
10050078
50015362
50545008
12652285
10050007
10048416
10050666
10077544
10091798
10782890
12652164
10103758
50986015
50014040
10717166
50541018
51749020
51605103
10052447
10048196
10077488
51745150
51321924
10705621
10574007
51148457
50258284
10050814
50543024
50067506
50065965
51481427
50075793
50465002
50034537
10135163
10043903
50013035
51138014
50229888
51346291
50907115
10046938
10135167
50244471
50853075
51294033
50949319
50969014
50561016
10092496
50510378
50631029
50020001
50235158
50903005
50783091
50737042
50501594
10051540
50263060
50231315
50973088
50746027
50743031
51131035
50592030
51598004
10051950
50776005
50945061
50853066
51431012
50013034
50657018
10049645
50853069
50748005
12217868
51385074
10053661
50244643
50767045
50247404
10616298
10558706
50033241
50907021
50033512
50032562
50855046
51743253
12636808
51503062
50745024
12652150
50543011
51398351
10109433
50244307
50275277
50835007
12646565
10093732
10098561
51141700
50075631
50328190
12636688
50860016
10103656
50206176
50634026
10048728
51115063
50543023
51489028
10757051
51385461
10091843
50065190
10039055
10110417
50273608
50462027
50748013
51147128
51148118
10077860
10044332
50526193
50892016
50597038
51153020
10077771
10041039
10840666
50853032
10092105
10095343
12654858
50242705
50930040
50795034
50851095
51146003
50855019
10039255
10109572
50050423
51453033
50478280
50512816
10043851
10094289
10077772
10039381
10038406
10040788
10042115
10578339
10077770
10041603
50630020
51599016
10095521
50018373
10043466
51476047
10754012
50934001
10042616
10040724
10044483
12636202
10038852
50792022
10133775
50033503
50042018
10040060
10042306
10040567
10104605
50547777
51131001
50327903
10037534
10042338
10916266
51147469
10635724
51742286
50466397
50596045
10092435
50408013
50852069
10547619
50321067
10039979
10077775
10092573
50630017
10559726
50949913
51744168
50080430
50634024
50753015
50910023
51144003
50236538
10916650
12654845
10077776
50970030
10660570
51139043
50951870
10766419
10098938
10092112
10096053
10091400
10090485
50911116
50015202
50921008
50328189
50857016
50337540
51145637
10091325
50064767
51138175
10092495
10009673
51148467
10096510
10007944
10096474
50959015
10009558
50551965
50067659
10751681
10537183
10096444
51470158
50218392
10660802
10007924
50657019
10926137
10956923
50292926
51253578
50657016
10064849
12637700
10065286
10063388
10618493
10063826
10062127
10894835
51466043
10061214
10064422
50013027
50914056
10063909
10704868
51302162
10064832
10064106
10060711
10091855
10065310
50477150
50656020
10808717
10758032
10059951
10902656
10819398
10103623
50749021
10606613
10758019
51605014
10079022
50015101
10918561
10096219
50329624
51616078
50016329
10587552
50165416
50655011
10052740
10052965
10058364
10648749
10055871
51597006
10058425
10059273
10055946
10058531
10674921
10052585
10051600
10053716
10058026
10800030
10973979
10573667
10056350
10055248
10055855
50753018
10061490
10054433
10053395
10711702
10054018
10058550
50316879
10915928
10096168
10676005
50244495
50744006
10053341
10052032
50328188
50542011
50332003
50855033
10052150
10936344
10900292
50013362
10059598
10592610
50987016
10092808
51745127
10965517
10539689
50014113
10096357
50032561
12639745
50851092
51289881
10096326
50902007
50482509
50014111
10810587
10719649
12639990
10802432
50793027
51363091
10055653
10078554
10096240
50133910
10970994
10077835
10057395
10748633
50634023
10594670
10562599
50015100
10084240
50015106
50756017
51401650
10084227
10547723
12638132
51163004
50276465
50952903
10084217
51301355
50013116
50756001
10758707
50294712
50329228
10082243
10084335
51504314
50597041
50739041
10529576
50852072
10104797
10537529
51140031
50749023
50805006
12635800
50328452
10933290
50593033
50015105
51124103
12635808
12635811
10549539
50013115
50856016
50832035
10083038
50015039
12635190
51510046
12635183
50597040
10669103
10768602
50228467
50593023
50015103
12651370
10949819
10791106
10090930
50140003
10084371
10882063
50854085
50293160
10795170
10882040
10854403
51569697
10082298
50628020
12654849
50015033
50014128
50328187
50597034
10882048
50013121
50592028
10854442
50282405
51517217
10092244
50015114
10084115
12647305
50218476
50750017
50044022
12648933
10084386
50014137
50533946
10084698
10091531
10096325
51479336
50334147
10859509
10084750
10084104
50015122
10915141
50978003
10860840
51152026
50856019
12654844
51359052
51359052
10699730
10540090
51145963
12636286
10096070
51725166
10085145
10084090
51372001
50220734
10676387
50316941
10084434
10084121
50889018
10604614
10096311
10676361
50408012
10059016
10084453
50467112
10947987
10092238
10091771
10096026
10721498
50853063
50655014
50818027
10096098
12654841
12654855
10091898
10100130
10096197
50593031
50658016
10023254
10023325
10023967
50014127
50316940
50854088
10023660
10099519
50242125
50480780
12651961
50034536
50851099
10024659
12640322
50969007
51501368
51488150
51480287
10730917
10740561
10535042
10740573
50628019
50856024
51611079
10097823
10553984
10082681
10093200
10535718
50133197
50328451
51599009
51300150
50859024
12637252
50013120
10096208
51207550
50547298
51302048
50015112
50013126
51115005
10096300
51121187
51743259
10751648
50859022
51147607
10082798
10639562
10096690
10581308
10786900
10791024
10082772
50900004
12638114
50630021
50013119
51301123
50619040
50486117
10656306
10678616
50501593
10098266
51477058
50744005
10907413
50013026
50618045
50750009
51145663
50015110
50014125
50911064
50905118
10030115
10026771
10030418
10027997
10096153
10092139
10978399
50329177
51425142
10952112
10078234
10942752
50277265
12647762
50598042
10964559
50771042
10078236
10941227
10078235
50805005
50063737
12647966
50856001
12635430
50080174
50054278
10028883
10026989
10031948
10030856
10536194
50326380
50908138
51141703
10101165
50749015
50970027
51114059
51401778
50925002
50835021
50913078
50953752
50543017
50984003
10083083
51602094
50598038
50856018
51137303
10082355
10082694
51571731
10819301
10082785
10927867
50044005
50960011
10092282
51137045
51742287
50273314
12638656
10081614
10552427
50221113
50034541
50767038
51140177
51362109
51487057
10773673
50198503
10986461
50328849
10780591
10977014
10091895
10618446
51301198
10082855
51422138
51153180
50857007
50859010
10079474
50064723
10091717
10870172
50327110
50543015
50242023
50334240
50851048
10659409
50594034
50099020
50834009
50266143
50749029
51129040
10091872
10082525
10082957
10092165
50858014
12637478
10645621
50155913
10894196
50854053
50067715
10618751
50486116
50223081
50208471
50864001
50656019
10771492
50326060
50784116
50863007
51140295
50852060
10043102
10042729
10040972
12645187
50838015
10106799
10109443
10735972
51568695
50749010
10649333
10109444
50225640
10091650
50862001
50033511
10047546
10046261
50594035
50283019
10525313
50238269
10538732
10109909
50305343
50256312
50748023
10044374
12652071
10042292
10949288
10979407
10771455
10979421
10041807
50238243
50746005
50853034
50015121
12636458
50067519
50933004
51741323
50800012
12654852
10781365
50859011
50294067
10835794
10760225
10524887
10045217
50015118
10917593
50981002
12654843
10109380
10082963
10082815
10564013
50542017
50251667
50767042
10698467
50171564
51139052
12635721
51914024
10082607
50014135
10092585
10712961
50746012
10941400
10092270
12647311
10840026
50907133
10096862
50737049
51153068
50854086
10096937
50552617
50080028
50972008
50952878
12635115
50244470
50014234
50015084
50915118
50746020
51138053
50737041
10096144
10836506
10763301
10092134
10660473
51484220
50461018
50502529
50329227
50547499
50269214
50630016
10092145
10883772
51115038
10083070
50837023
50836029
10931619
10666929
10854001
50277264
50456017
50793026
50750002
50911012
50886020
50856008
10096630
50256311
51140042
10078461
10061341
10058700
10881672
12652356
10059668
50231314
10078445
10850885
10061556
10666906
10121645
10544015
10590560
10021566
10089796
10094375
10573627
50015219
50826100
50329492
51292104
10020388
10021050
10026320
50218474
50827063
10091634
12652004
12634961
10613102
10021016
50618044
50747004
10022706
10023498
10022438
10716515
50208492
50598041
50629036
10109622
12651973
50828089
10024895
10716019
12641129
50629033
50827075
10021516
50034539
10097592
50015117
10019937
50276939
51865055
10020273
50273356
10101175
10829411
10076090
10134389
51141015
50334046
10020494
10020827
10024534
10091814
10952243
10885953
50068103
12652333
10091809
10091846
10912937
10793622
10023659
50014133
51741334
10021450
10022267
50140217
51321802
50034542
10093221
50326023
51924009
10697118
50739044
51299386
10788336
10529596
10023174
50542015
51923015
50265008
10020983
50137384
50757003
50042004
51517216
50285023
50546023
12651970
10021195
10103929
10027327
10097242
51121185
10976291
12635003
51745153
10022442
50550174
10024636
50028857
10947595
10526780
10650676
10022084
50062052
50231491
10021683
50246527
10023741
10024005
10108539
50911061
10076176
10092310
50067658
10089672
10673489
10101111
12654847
51745156
10080992
50013128
51764029
10710173
10092223
50502682
10092203
10826325
51141691
51299195
50014237
50014422
50952343
10089969
51380681
10874084
50545013
10623897
51401117
50760002
50326928
51116123
10092798
50957013
50259760
50273134
12635378
50267229
10043104
10091885
50061084
50914114
10040664
10043488
10042938
50015115
50014131
50913064
50911069
10042058
10089683
10089653
50034544
12641779
51363041
50209500
50450031
10089649
10814360
50014130
50156791
50596043
50962011
50857010
50337047
50949503
10092101
51354510
51359104
10890289
50015111
50912146
50015109
51137169
50225990
50229841
50015108
50014421
50888017
50013117
50596039
10102393
50979002
50014123
50800011
10703818
10614942
10556632
51744236
50593032
50015339
51200922
10033961
10645047
10090147
10091738
50984004
50937014
51605015
50326249
50013114
51599010
50907019
50137583
50856021
10614672
10082540
10083026
50284020
50063446
12642678
51822021
10644017
50836026
10081862
10096392
10964208
10683762
51116074
10084568
50802009
51384083
10082570
50903004
50337336
50620050
50851049
50014047
50015120
50912169
51482355
10960287
50061020
50131209
12649981
50753019
10848632
50855065
51743252
12650364
10135469
51612094
10082744
10872210
51125083
50545009
51300168
50225174
10104508
10083760
50757011
10578018
50015032
50013354
50014122
50554249
50329226
50631027
50629031
50740037
10082876
50237678
50915127
50932016
50932012
10729775
50337335
50269213
51140046
51501565
51154109
10082901
12652372
50895012
50987018
50911163
10082609
50952869
51114058
50029777
51299003
50329225
12636360
50478822
50619039
12162653
50260009
50337624
50552616
51116124
10064596
10094260
10094265
50769046
10066496
10065685
51354259
51867079
10065092
10065030
50013113
51301167
10063918
10063648
50329366
10650911
10065823
50014120
10928850
10094259
50248912
50032564
51154016
10099680
50854069
51123064
51301200
10096774
10860219
51397236
10082944
10104932
50632034
50836008
12654839
50913126
50013112
51449025
10100537
10109555
50079221
50631026
51742289
50210341
10084673
50013042
50033510
10013450
10094854
50210340
10586963
10012467
10925609
50015099
51291812
10013635
10107804
10011816
10091927
10109474
10524818
51598006
12640495
50015031
50548308
12654838
50547776
50326559
10012488
50946051
51118005
50920011
50548307
51481200
50891021
50915110
50137382
51516212
51121189
10915829
51125159
51911027
50598045
10008626
10009442
10588297
10629630
10009399
12633771
12633808
10698053
50774007
10957366
10096242
10135535
51115064
10103854
50502681
50080429
10092527
10703172
10091865
51300170
50856006
10083117
51302215
10662282
10103568
12643046
50529334
10086918
10768501
50543010
51123199
51125101
50947036
10055586
10135529
10096504
50015098
50545010
10546910
10060418
50854047
50910013
50013111
50907112
10096483
50744023
50966010
51501060
12637555
50952330
50944039
51519038
10135526
50658022
10927414
10981208
50080597
50169215
10062615
50201147
12317669
10095797
50015097
51139306
10135527
51144585
50938013
51122163
50013040
51301543
50055685
10977077
12637904
50913061
50148571
51868039
10073114
10092837
10101651
50033504
50283094
50275186
50661017
50806006
50745019
10091794
10074989
10072578
10096442
10098486
10073888
12652265
10069016
12638534
50952888
50482794
10072484
10098400
50545007
50261021
50329224
10134205
50533378
10942006
50554248
12635335
12633407
50242554
50133419
12635055
50535893
50752012
50629032
50228301
50857001
50015096
12638644
50525862
50834007
50480509
50224117
51488104
10092561
50023006
51790008
10851183
50325095
50740035
51479394
50061081
10083060
50242512
50796029
50259330
50632033
50245563
50851081
12636299
10084284
50014116
50913122
51361070
51502171
51302218
10967503
50051803
50256310
10134391
10947971
50911063
50779110
10828688
50546020
50861006
10016649
10092309
10016066
10017011
10018084
50198884
10017630
50014045
50632035
50911148
10017363
50133512
50507011
10909451
10100574
10861502
51147088
10094296
10788995
50044021
10926486
10016899
10609655
50949816
10075666
10075664
10021476
50746008
51502294
51458002
10016590
10824811
50855075
12634723
12641212
50225172
50861003
10097987
50328573
12634633
10096740
50854016
50743034
10093057
12634699
50909124
10109604
10082324
10583868
10014593
12635272
50316939
50269212
50743032
50857005
51906057
10946291
50080428
50014043
10052864
10052001
50285024
50042021
10896893
10888470
50855049
10051052
10050851
10643992
10110271
10053302
10052102
10578498
50910021
50594037
10110264
10076092
50329491
10643303
50853071
50974011
50793028
50458005
50552615
50328740
50913121
50555104
10100199
51480454
50856009
10073878
50327884
51621010
51913024
50212149
50510745
10684782
50014411
51144004
50912162
10767921
50756012
50551664
10082763
10856624
51261730
51138314
10018119
10020212
10135257
50860007
50632030
10018336
50563118
50859009
10134103
10109924
51744238
50750008
10092823
10082053
50858017
50859008
10937143
10096623
50910125
50595033
50774005
10080721
50478821
50551663
50013066
10135409
50803005
50908010
50905008
10101615
10953874
50301470
51484009
50767044
50014114
50607002
50595038
50860002
10943560
12652242
10981234
10011630
50315293
12633987
50013108
51301557
10009092
50328802
51148321
10103573
50068378
10010090
50749022
12650895
12652992
50837029
10009666
50043012
50781090
10010489
10009798
10092115
10107721
50014112
50242511
50744004
50806007
50656017
10011510
50548306
51836042
50979012
50797048
51486097
51138319
10009732
51122106
51299248
10010769
50013351
51460001
50277263
51154011
50907023
51138012
50485582
10091828
12633980
50164187
50032560
50209582
50815008
50013349
51154133
50631028
50914055
50326808
50750019
50952621
51145135
50748034
50569737
50327999
51141312
50244469
50858016
12633365
10081560
51432022
50852056
50750012
50014033
10654968
50157159
10918068
10132298
50854091
50480083
10035283
10945466
50209581
10711471
10135256
50015093
50326927
50621051
50856010
50229840
10110797
50552613
51139180
10034101
10096229
50859012
50015092
50198502
50480396
50467004
10762486
50656016
50622036
10104216
50232047
51116126
51495032
51148380
50545015
50744010
50207162
50327417
50080173
51092012
51405011
10064714
10134394
50015043
50742028
10077999
50911150
51145003
10067119
51861048
10098399
10955866
12637854
10978456
51400038
10067148
10973648
10077974
10092091
10943328
10968715
50014032
10094493
10698637
12654857
50229232
10063833
10091890
10861881
50132009
50140154
50206034
12637839
51593003
50552612
50747013
51118049
50260011
10094509
10091842
50981013
51351652
10605594
10078000
50033505
51117051
10094495
10968740
51502086
10062763
10063603
10911066
10704050
50204134
50044002
51294034
10065706
10065759
50032563
51516154
10081608
10772133
10066920
10069662
10063322
10089717
10800636
10063823
50043001
10064664
51138046
10063429
10068327
10066902
10065710
10077998
50042020
10100695
10093159
50015091
10968701
50014404
10093364
51830040
12637878
50739048
51580205
10091991
50920013
51144465
50779113
50633021
50961008
50044006
50595034
10082307
12638369
12654846
51114060
10952335
10728117
50945060
51427128
50894033
12641325
50890015
50618043
12642327
10096936
12638366
10081946
50014105
51186535
12638370
50282404
50795009
10952674
50784105
51902006
50300661
50013103
10082040
10931492
10964834
50830005
50744014
51146481
50015034
10081598
10081603
10081381
10093058
50209457
51520218
10754648
10783007
10081801
51519118
50598040
50511709
10726054
51742288
10809081
50911070
12641576
50056103
50058019
50134256
50962012
50137381
50013102
10109614
50860010
50655013
50223108
10875566
50014035
10082165
10711439
51253527
50300994
10103519
10929970
50187416
50511066
10555811
10712380
10650433
50535948
50893012
51138178
10617482
10045742
50749016
10048417
50927012
51401732
50912135
10042574
10084535
50853040
50737052
50909013
10689579
50967008
51151059
50925024
50209045
50913119
51300167
51582069
51294005
51388355
10089675
10096473
10078309
51144304
51155009
51299196
51275235
51097013
51399332
51116151
51469190
51300247
51756014
10011407
51772028
51458004
10077761
51450018
10075738
51509050
51501064
51498027
51502021
51789040
51754022
51301774
50192775
50337539
10081670
50914162
10588736
10081249
50540013
51155027
50328669
51223126
50080172
50573202
51118024
10081481
10563856
50245356
51744213
50858006
50986011
10091932
50631030
50756011
50851067
10678973
12646241
50337361
50987001
51301287
10908087
10977249
50337320
50059965
50135035
51362058
51399135
12648441
10555615
50073528
12650458
50480649
50219429
10092020
10955129
10522312
50282128
50238085
50909096
50062051
50067168
50835016
51484232
51146013
50595035
10135242
12654854
51569774
10092894
10928131
50225639
50521352
50795036
50912161
10135241
10135239
50269211
10096541
10049624
12633604
50283054
50280007
51344610
51344610
50895027
50895027
50907026
50907026
51115013
51115013
50955001
50955001
51155113
51155113
50950271
50950271
10106151
10048769
10048969
10101896
50016086
50198098
50237074
50258017
50748030
50634019
50563166
50563166
51152112
51152112
50967025
50967025
50525466
50282293
50981005
50981005
50837051
50837051
51145373
51145373
50296910
50757006
50757006
50652017
50775021
51509038
51509038
50018190
10092468
10979083
50329397
50183715
50306924
50306924
50455012
50337396
50337396
12648167
50220585
50744027
51286756
51286756
10086820
51144378
51144378
50073093
50479068
50326355
50021107
51138068
51138068
51273622
50827090
50827090
51148579
51656156
51656156
51815099
51815099
50745031
50017036
10066294
51424114
51424114
10063334
51688010
50824088
50482333
50148142
50784220
50762010
50329436
10075525
10075527
10075527
10004223
10004038
10002464
10004302
10003556
50914094
10006640
10004631
10004526
10003441
10003131
10005354
10004231
10003154
10075529
10004003
10813225
10004294
10004096
10004029
10005002
10003982
10004344
10767903
10004142
10004584
10003742
10004793
10004413
10004192
10004465
10004777
50565226
10075522
10004718
10004504
10004332
50218239
10004965
10004517
10004868
10004933
10004191
10005534
10004768
10075483
10004928
10004561
10004943
10004118
10004059
10004713
10004643
10005270
10004790
10005311
10075485
10075528
51121197
10004845
10005330
10004803
10005837
10004287
10006291
10005368
10005272
10001684
10002510
10005400
10001808
10003758
10005441
10002622
10001612
51484184
10002424
10002712
10004663
10002650
10077425
10002906
10084588
10077435
10077437
10002124
10084344
10595587
10002358
10077426
10077428
10077438
10077430
10077439
10083984
10077424
10895004
10098410
10800741
10108516
10077441
10084028
10106392
10077432
10729430
10077440
10077427
10077434
10081906
10077429
10097853
10098366
10097905
10917253
10579885
10094040
10682470
50021002
10800734
10098234
10543319
10631710
10134631
10568470
10894954
10568445
10762563
10780688
10735675
10568449
50015005
10894941
12633573
50063303
50844001
50014005
50014006
50565192
50273360
50781199
50223075
50565190
50565189
50015190
50014004
50565188
50021007
50565187
50219084
50565185
50242101
50565233
50565232
50565231
50269143
50277221
50565228
50565227
50191565
50632025
50565184
50565183
50565182
50455007
50526642
50565179
51145967
50953906
10093145
51141690
51132049
50834035
50952908
50952909
51480416
10018139
10018041
10017434
10016381
10015904
10018143
10075634
10020304
10018621
10018382
10016977
10017637
10015995
10020185
10018300
10018302
10075860
10075636
10019041
10091886
10077503
10082413
10092221
10091882
10082551
10082569
50565178
10096734
10679912
10522004
10098147
10522675
10108432
50021005
50029378
50017423
12634671
50329288
50565176
50467352
50160099
50333101
50273381
50320585
10049095
10051850
10053560
10077133
10077133
10075925
10077141
10091282
10048736
10048768
10049197
10053181
10051220
10075900
10047005
10050381
10047639
51189275
10049932
10052081
10051221
10047341
10077468
10048634
10048227
10049128
10051265
10075950
10049824
10047592
10049883
10047391
10077420
10893141
10050850
10049237
10052426
10051373
10075874
10049077
10049256
10075961
10077235
10075964
50194293
10050920
10075955
10050611
10045812
10077431
50021004
10051151
50219296
10049995
10049078
10051399
10048684
10051242
10048137
10052129
10052105
10053405
10084081
10077545
10084222
10079353
10077523
10077526
10077606
10084708
10089803
10084079
10083947
10098564
10526053
10089700
10090778
10770256
10086850
10098531
10717106
10864121
10077588
10593293
10049814
10098517
10077123
10098521
10102389
10752575
10098516
10864145
10100578
10759923
10100275
10685232
10584696
50559028
50014007
10743924
50015006
10558666
10705603
50013006
50192730
50021009
50193729
50193584
50021010
12636836
50013004
50021015
50565225
50014003
50015395
50565175
50565174
50565173
50770029
50565172
50565171
50512715
50565170
50211195
50565224
50480274
50565222
50565221
50565219
50751007
50565218
50562022
50565169
50760008
50565168
50843007
50633018
50738042
50843002
50745037
50843005
51140054
50628016
51131052
51502175
50761003
51140136
50782196
50841006
50958002
50909018
51269472
50891033
51146477
51094015
51298293
10871069
10770772
10062066
10060561
10057765
10061811
10056889
10057495
10056401
10056159
10063542
10057064
10059692
10059592
10058231
10059128
10059227
10057548
10060923
10055940
10059354
10056746
10055489
50837026
10064821
10061734
10057808
10061588
10061944
10058050
10060048
10061296
10078492
10078490
10078493
10078491
10078485
50015004
10078471
10110772
10084395
10523023
10083954
10979005
10134165
10820871
10900344
50013002
50015003
50054536
50052690
50258092
50565167
51481203
51181014
10011559
50015001
10012384
10012420
10012522
10078052
10095693
10083929
10098602
10098589
10092107
10091868
10988837
10103615
10747636
50014001
10717673
50206549
50565166
50834013
51363107
51524197
50957002
51138331
10050951
10052449
10093519
50593025
10051492
10051384
10056500
10051838
10053822
10084653
10055198
10055542
10051753
10052056
10805878
10084456
10049593
10081436
10055644
10054130
10084192
10083940
10920446
10083928
10886557
10083958
50021019
10100879
10683963
10862963
10546373
50021017
10770697
10571774
10902271
10824259
10774501
50021024
50015014
50021022
50251482
50055210
12650206
50212397
50170550
50477667
50834028
10041996
10077862
10040421
10040272
10039288
10077780
10037813
10036505
10077777
10077781
50055536
10036947
10039341
10041207
10043105
10035898
10077779
10044178
10041481
10041513
10084037
10046819
10042121
10083894
10095341
10083991
10077778
10813051
10084180
10095386
10092275
10920053
10095383
10969132
10699493
12636184
10960998
10077964
10833807
10694313
50052127
50634018
50321069
50524817
50337281
50228470
50628015
10635704
51114062
50762005
50851043
51381379
51301220
10063449
10078119
10060682
10062318
50296815
10063006
10064814
10063949
10060435
10060110
10111145
50097354
10099763
10082749
10078121
10082791
10093272
10092791
10091730
10101128
10542717
50021020
10544427
10551705
50014013
50015007
50246595
50014009
50021025
12637573
50013015
50021026
50014014
50021027
50169835
51354662
50067096
50737011
50066647
50329423
50231079
50565217
50840001
50512195
50762004
50512918
50785198
50629029
51121130
10010727
10011602
10011077
10010046
10010962
10011698
10010252
10011154
10011176
10082148
10077507
10077258
10092152
50895031
10776878
10101816
10100366
10099034
10975100
10106842
50021029
50021030
12633948
50021031
50162016
50064209
50521963
50021033
50021034
50565164
50218059
50212490
50565163
50565162
50276881
50334083
50565215
50767026
50632026
10853116
50955010
50981012
51154102
10062663
10064877
10064301
10068204
10068661
10066089
10064883
10063645
10077903
10068763
10065327
10068146
10062462
10069323
10064988
10077911
10067622
10081575
10065942
10066781
10069154
10091378
10082285
10077907
10067541
12637826
10064947
10064534
10077909
10081639
10081155
10080978
10069859
10082247
10080887
10082317
10081921
10093047
10092099
10757135
10567400
10861889
10649274
10649265
10642982
10931228
10599223
10692028
50021038
10698932
12644346
50565213
50253781
50015165
50565212
50565211
51163024
50259571
50229896
50773015
50565161
50565159
50565158
50565157
50565156
50782162
50565155
10063942
50836042
50957008
50958001
51094017
51298185
10084268
10987367
10092985
10987370
10870103
10870092
10870036
50565154
50277157
10081728
10055607
10081870
10084540
10084543
10084360
10084541
10084559
10084564
10084680
10084044
10084106
10084071
10084062
10084333
10084643
10084743
10084404
10084407
10084403
10096238
10084566
10084394
10084195
10084686
10084206
50021045
10097636
10526321
12637203
10734390
10611926
50565210
10734449
12637194
50467236
50761005
50891035
50269263
50978018
50329402
50835024
51600010
10084638
10084322
10693967
10099438
50269299
50276830
50565209
10092130
50161204
10100246
50295806
10084208
10090679
10109663
10838503
10771672
50021047
50021048
50154372
10084473
12654264
10081200
10094166
10096465
10598656
50021050
50565153
50594031
50632028
50837056
51145494
51299202
10084578
10666718
10727370
10084410
50021053
50780227
50565152
10084343
50754005
50781172
10078780
10084319
10093267
10898593
50178941
50565150
50565149
10824450
12638056
10917836
10084767
10084782
10084460
10084463
10095348
10084457
10084794
10084792
10084790
50021058
10084789
10084478
10084480
10084477
10092229
10099329
10686731
10680469
51337010
50512362
50323646
50485568
50511747
50598050
50632027
50842003
50795039
10090895
10101115
10962175
10582840
50267215
10940336
10779856
50634020
50468452
50834016
10083907
10984622
10683046
50565148
50631025
50021063
50021064
10709810
50753008
50564012
50317850
10084714
10856309
10791649
50021067
10093252
50940007
50629028
10634174
10070543
10072994
10070410
50014010
10074507
10072237
10070090
10074647
10072024
10071014
10074575
10073610
10082834
10082833
50186559
50569177
50558025
50756008
50835041
50556025
50750011
50774023
10082984
50630013
10084596
10082831
10848217
50184581
10082345
10669980
10082340
10111307
10096813
50250090
50328527
10082182
10099573
50251713
10541923
50629027
50780234
50836018
50013008
50753020
51275476
10082669
10082696
10013460
10011941
10012291
10014711
10013270
10014084
10012265
10013140
10096149
10083961
10084753
10084644
10096645
10098697
10595726
10602840
50305406
10647516
12640176
50259224
50155012
50565147
50628014
50547338
50835046
51133061
51581067
10011861
10099435
10096378
50837049
10084241
10097477
10790486
10948029
51616014
10081096
10084476
10084791
50021072
50055028
50052593
10084617
10084618
50324212
10081692
10096941
10097475
50247920
50895030
10084717
10084505
10084501
10568695
10109567
10084166
10084489
10810079
50075070
50181806
10081130
10082220
10658119
10081127
10084462
10084129
10093425
10111362
10084034
10084619
10082191
10084623
10084282
10084604
12641469
50066889
50052233
51146265
50153159
10081496
10084237
10084238
10522387
50565146
50021079
10090877
50267047
50952906
50950846
10961399
10921870
50900010
50055698
50477825
50512278
10583079
50276689
10084620
50565208
10017954
10079161
10021258
10021019
10019129
10020073
10018138
10022104
10019722
10018054
10023709
10023631
10103617
10084006
10084252
10084585
10803057
50015013
50021085
50021087
12640654
50021092
50080616
50467834
50521694
50305562
50271146
50756009
50565207
10081392
10082054
10084292
10084613
10100460
10096127
10092398
10093014
10084629
10109358
50565206
50748029
10084168
10630396
50328197
50749018
50894029
10109977
10095855
50533722
10084305
10080830
10083995
10083997
10084215
10083939
10099308
10660688
10809068
10867299
50054243
50021095
50153469
50153470
50153467
10080893
10080718
10081022
10959788
50021046
51656148
50554215
50758010
50783199
10548041
50952905
51121129
50596046
10084481
10084153
50222290
50021051
10870478
10549115
50326714
10065758
10067386
10066997
10060603
10079016
10068233
10061692
10066637
10060871
10062716
10064254
10062112
10064157
10064111
10064310
10062704
10063947
10096049
10079017
10083951
10083912
10084551
10083913
10083957
10092752
10100362
10606643
10751438
10710572
10608266
10092050
10662927
12638544
10686774
10857357
50021054
10788713
12641118
10056644
10057470
10053526
10059711
10078308
10059395
10055535
10078353
10078253
10060293
10058640
10052824
10055108
10054137
10078329
10078346
10078341
10057438
10052998
12637260
10078327
10078248
10078328
10091111
10055694
10078325
10078251
10891490
10078350
10584566
10604224
10819246
12637281
50326340
50835047
50315699
50259040
50511954
50565013
50740038
51713003
10042890
10093534
10084419
10093634
10932319
10084755
10084452
10084469
12651914
10084464
10084470
10084765
10096338
10557996
12636290
10637828
10098285
10975570
51350730
10084696
10091330
10110950
50021057
50021062
10582765
12638202
50753005
10084668
10091104
10084365
10084372
10645641
12638175
10915039
10839516
50628013
50080264
50761007
10084232
10081681
10091268
10084557
10084558
10083952
10084570
10084244
10084534
10678637
10672696
10884608
50211203
50294711
50533068
50565205
50765027
10938281
10082554
10742533
12635184
12639905
50752004
50063751
50224133
10084057
10084354
10084350
10865590
10670875
50021101
10092044
10601806
10756691
50254144
12635805
50021103
50219640
10009587
10008029
10091599
50074017
10007976
10084374
10008691
10091389
10010635
10009655
10095847
10008410
10009482
10084447
10084330
10084445
10658598
10726074
50949918
10055356
10078347
10528777
10084751
10084738
10096107
10841399
10899660
10084099
10899642
50251701
12637356
12637362
50958005
50745020
10082888
50791034
10096948
10082468
10916759
10100577
51346010
50634014
50552570
10083113
10082628
50021106
50237525
50181582
50634017
50752009
51291794
10029198
10031497
10031166
10523553
10030645
10031451
10030557
10026561
50013013
50273359
10033077
10030714
51361446
10027344
10029409
10028777
10666948
10030302
10030654
10104511
10078228
10096223
10096285
10676437
51383059
10526965
10715774
10715781
50015011
50013014
50021109
50068346
50634016
50529333
50251776
50275825
50259617
50631024
50769019
10042558
10627478
10767890
51354932
10045617
10047473
10042396
10045296
10045698
10047710
10038912
10078442
10082321
10043385
10095913
10078441
10045229
10043760
10096105
10046596
10078440
10048941
10096024
10078439
10093194
10960482
51861051
10091962
10096399
10980731
10082579
10096355
10108393
10082615
10131042
10096368
10096440
10098759
10096456
10726555
10129630
50021111
50042015
10713109
50014097
50015012
50021113
50276748
50134801
50780229
50218097
50210370
50747014
50524232
50224124
50231087
50835014
50632024
50784172
50747006
51304984
50852026
51502736
10081229
10081877
10082775
10082781
10759663
10090575
10082290
10085558
10091751
10927882
10965955
10936507
50099129
10082041
50015008
10082363
10096228
50292891
50161816
50308592
50511318
10082326
10082664
10129793
10082665
10090985
10090212
10082727
10082339
10082699
10092771
10092444
10633220
10817543
10628282
12428750
10129795
10674656
10593270
10909736
10104159
50247699
50327300
50252573
50176532
50565144
50334063
50593030
51138016
10090528
10081412
10090405
10090273
10764691
10093160
50015010
10717762
10102133
50838029
50329316
50596040
51371001
50905109
50836037
10091037
10081847
10083082
10110987
10922657
10091666
50013009
12641176
50502086
50055596
50912101
50595040
51625047
10082818
10082965
10082825
10082428
10082819
10564035
10722109
10092025
10962406
10988309
12637335
51500413
10082602
10091010
10082595
10618656
10093110
10665127
10943012
10083098
10937837
10090828
10660446
10660460
50021115
50565204
50770022
50838039
50958003
51527219
10082378
10082380
10576808
10773740
50021116
10082860
10082862
12634490
10082845
50746033
51917011
12634144
50021117
10022573
10020803
10023285
10023948
10721329
10083018
10099518
10558815
10023413
10891809
10100656
10701860
10694818
10694782
10021054
10024423
10740555
50510367
50842004
51141324
51132047
10095638
10082366
10939463
10889518
50956001
10754308
10082771
10082408
10786875
10903279
10654472
51144324
51346307
51503423
10082591
10718985
10083132
10082650
10083023
10600875
10771666
50324218
51302169
51148022
50293910
50051732
50013321
50480845
10083001
10946895
50467568
10678661
12637431
51289986
51289912
51144120
51401121
10020316
10021325
50021118
10023889
10022538
10874496
10020230
10021175
10024557
10020146
10018929
51911034
51911034
10024189
10044381
12655306
10094376
10020920
10023396
10021043
50029141
10021926
10025109
10021553
10021124
10023369
10020453
12640113
10022075
10022540
10081193
10025333
10022588
10076743
10076600
10079320
10077670
10076854
50660012
10076885
10081374
10077669
10076788
10079374
12635043
10080748
10082304
10100561
10081217
10092540
10079323
10101052
10094399
10094344
10100159
10096373
10101056
10101054
10101057
10101055
10095623
10545592
10096789
10847526
12634951
50273358
10697128
10732355
10921091
10134153
10613073
10573633
12634954
50021043
50246502
50225485
12634973
50014015
12635008
50166559
50303995
50632023
50556024
50479693
50565142
50329190
50629026
50567161
50628012
50825090
50631023
50745027
50825124
50900011
51130070
51479041
10092987
12635306
50547847
10025557
10024661
10081627
50021041
51354566
50565141
50565140
50766024
10041597
10040036
10047768
10039883
10043796
10041887
10041305
10043041
10044631
10078865
10078864
10041243
10096375
10908458
50838027
10557039
10920666
10541763
10882357
50021032
50021120
12636348
12636335
50021119
12650771
50021122
50760005
50851063
50957007
10078974
50837030
10081765
10091851
10081143
12636986
50521443
50179837
50510626
50547331
50525237
51367014
10962737
51129084
51121222
10029575
10032892
10641117
50319223
50212145
50221288
10081324
10083315
10082875
10082879
10081277
10082467
10082889
10082481
10104434
10652082
50141088
50485686
10068545
10067730
10067129
10066694
10064888
10063513
10063463
10063643
10067894
10094258
10062199
51387921
10063454
10064592
10082616
10076186
10076590
10076293
10083118
51354554
10100745
10092916
10094267
10589113
50524627
10916565
50510730
50057974
50222328
50248918
50303836
50744009
10099657
50308236
12636393
10091509
10082309
10104436
50130508
51689008
51146094
10082941
10670124
10533447
51275485
50282352
10090735
12012942
10082931
10082924
50836032
10090538
10082933
51147010
10082486
50835028
50246339
10672163
10091710
10110972
50014011
50327313
50834025
50838046
51596008
10082601
10091763
10611696
10096154
12638401
50485952
10081174
10083100
10091647
10951604
10082648
10822410
10082736
10082675
10080789
10082398
10628794
10628758
10901604
10536886
10901584
50633016
10082674
10561111
12635401
50326737
10746713
50055310
10080933
50026936
10864861
50521671
10092062
50161796
50950845
10091021
10093136
50951882
50780226
50485871
10082571
10082988
10082987
10097596
10097619
50912102
10085105
10082709
10082370
51384059
50057478
10082241
10007695
10009011
10008532
10078623
10082350
10008341
10007418
10089873
10096947
10096432
50595036
12635087
50067860
10521382
51349617
10082920
10074056
50053031
10082657
10082742
10580595
50267087
10082478
10098307
10576594
10907354
50843001
10082796
10080896
10081812
10082663
10082661
10082325
10099733
50119410
10826122
10076029
10051286
10057778
10052532
10051109
10054663
10082501
10082515
10076032
10082510
10076035
10109508
10833545
50326188
10546950
10839407
50251927
50222250
50565202
50843009
50648013
51138065
50968013
50956022
51125176
10071780
10081605
10074293
50629025
50746013
51118050
10016137
10015618
10809956
10097651
10109629
50248577
50248580
12646946
50326331
10082582
10083061
10082091
51504521
10082460
10799893
50907025
10717901
10015861
10017408
10082393
50122753
50057629
12643805
10082956
10014252
10627564
10015169
50021125
12644091
10042887
10040723
10044139
10079301
10082917
50149913
50050454
50269182
50851091
10082723
10082707
10080371
10094184
10099156
10741612
50168677
50838013
51479083
51479083
50326983
10082899
50130588
50485289
10001374
10078689
50225502
10747611
10081427
10081424
10081990
10082620
10083112
10082633
10083031
10082558
10092402
10096608
10948597
10872117
10872125
12636123
50087273
50468577
50021127
50328150
50485229
50565201
50650012
50955005
51706019
10082534
10528770
10848623
50224030
10097896
10672807
50259956
50326916
10083316
50481695
10082641
10097897
50021128
10826376
10096496
51298388
50022001
50754003
51146273
50758015
51299184
50249779
12636062
12636061
50773020
10080783
10866162
50146824
10097157
10081966
50022002
50249778
10081803
10081816
10081602
10081556
10081140
10081194
10081187
10100600
10527575
10081904
10081930
50067986
50631022
10812119
10030251
10032003
10033747
10034617
10031981
10031869
51243805
10032340
10032340
10081631
10081032
10802716
10713536
12641553
10135514
50250581
50266154
50302144
50271067
50277006
50565138
50593036
50754001
51138161
51137051
50324296
50892031
51163022
50129030
50953905
10767489
10104648
10732865
50094726
50316881
10095295
10532812
50282175
50314508
10099252
10767191
50164893
50314389
51311662
51609023
50908090
51621177
10020415
10019369
10099266
10081584
10048660
10080835
10092531
10077718
10099261
10106205
10094189
10096668
10100114
10668874
10095347
50019016
10537265
10938123
10794253
10644605
10644677
10606890
50013233
50172925
12639762
50242122
51131049
50957001
51360120
50022005
12202578
50836021
50022006
50221365
50526560
50630012
50838038
10081348
10081811
10100464
10082227
10095502
50022007
51526172
10790078
10081767
10081989
10081135
10081977
10081541
10080981
10081131
10081981
10080980
10082248
10097033
10096650
10783023
10820465
10883148
50021089
50021093
51386672
50842005
51175012
50743035
50597017
50836030
50956002
50021096
10684875
10684891
10829912
10818411
10090620
10082184
10946202
10543724
50021097
10799882
50028993
10921532
10745245
10933770
10637265
51282591
10082286
10081736
10081523
10081106
10081438
10918027
10902350
50834006
51144335
10081988
10792998
50021098
10095657
10085416
10081454
10812087
10898175
10898181
50323954
50955003
50593035
10082300
10082078
10082077
10081849
10082306
10082086
10099237
10612824
10965754
10085256
10081571
10093270
10081580
10081583
10566651
10640590
10777865
10732645
10908070
10757803
50022008
50248530
51502185
50835019
50565136
50524362
50750010
50756005
10796772
50479720
10657751
10657724
50166147
50535832
50022010
50478495
50222308
50478802
10081852
51473092
50893034
10728934
50282469
10005208
10005208
51503157
51503157
50769023
50769023
50835043
50835043
10049171
50912082
50912082
50953907
50953907
10098554
50958004
50958004
50910026
50910026
50950849
50950849
51117054
51117054
10045719
10097385
10699420
51497020
51603109
50014002
51502738
51502738
51137218
51137218
50752002
50752002
51422024
51422024
51140290
51140290
50761004
50761004
51147270
51147270
50970019
50970019
10064067
10064067
51615016
51615016
51092013
51092013
51604018
51604018
51148141
50892030
50956008
50956008
51705027
51705027
51291796
51291796
51631187
51631187
50852036
50955007
50955007
50953911
50953911
10021850
10021850
50955008
50955008
51568923
51927004
51751063
51750080
51782005
51857014
51771029
51749006
51783002
51926006
51792034
51794014
52234452
51785006
51793016
51865074
51789046
51818056
51819022
51815082
51773049
51816001
51771146
51826017
51833038
51833012
51868041
51815050
51757001
51823020
51854022
51828034
51861027
51836028
51861025
51836015
51859013
51939017
51861019
51868023
51815095
51857060
51858060
51866114
51854026
10058428
51907046
51934015
10016363
51863079
51916023
51866111
51870010
51867114
51867114
51922022
51870058
51868042
51936021
51902049
51930023
10953446
51919022
51889055
51934017
51854053
51895026
51922006
51893030
51899007
51921009
51919011
51864049
51920024
51902030
51903029
51906052
51902007
51479413
50073469
51667031
51917030
51916029
51903054
51927018
10121653
50895007
51926018
51869022
51918013
51938011
52270048
12637771
10047399
52333668
50191114
52418006
52694002
50131464
52335324
52438862
52223528
52470023
52866002
52430636
52335444
52378062
52688005
52422926
50159388
12634722
52434777
52690006
52173001
10084264
52428853
52434924
52424153
52385205
52406213
52434210
52433861
52431487
52689011
52698005
52731002
52802007
51501371
52657037
52424886
52502175
52840098
52550001
52651005
51259104
52820033
52385179
52798010
52420874
52434844
50028966
51827061
52500082
52838009
52811055
52798009
52405142
50085858
51401190
52382057
52438778
52610023
52731003
52696003
50248743
52853039
52335446
52893008
50156824
10084291
52420876
52424401
52428834
51893011
52589017
52426881
52333987
52392018
52432949
52434904
52437875
52502192
50021012
52593002
52624004
52693008
52685024
10106355
52733005
51888017
52844319
52886022
52341630
52579016
52404144
52814041
52404220
52587011
10972236
52579020
52795006
52815046
52698001
52844181
52434908
52401011
52820035
52435429
52428587
52068540
52332802
52839189
52421822
52437470
52698006
52688020
52808001
52877009
52845333
50184319
52408117
51917012
52665026
52802006
52577035
52730002
10109486
52421891
10082955
52881004
50032134
52434907
52380196
51145397
10096505
50485848
50782021
52230609
10073138
10684468
51122212
52318222
51952903
50478630
52093006
51175032
52488048
51905004
52232421
51343978
52233552
52073557
52582025
52272011
51868038
52489017
51849004
52652007
52431667
51931071
52652006
51486110
51922007
50944059
51192884
51916012
10617406
52267004
52276006
50743030
10886207
10939850
52437880
52911043
51909060
52327006
50191622
52341618
52429046
510100
51152124
50771023
50974010
52406136
52369642
50337541
52335443
51936022
52927004
50541016
52428849
52424838
52434858
52689015
52074036
52324760
52430854
52769001
51931036
50907114
52437358
52342961
10719992
51923021
52429030
12316922
52967120
10810373
52845186
50028575
50051334
52335476
52421885
51930027
51917028
10092570
52438907
52434494
50258145
52424885
52341751
52341886
50193164
51925020
52502194
50628017
51146442
50541017
53073004
51482352
51924022
51484379
52172021
52333432
51147487
51936023
52985007
50950817
50907018
52437858
52427730
53029004
51580047
52343094
52361396
50853052
51783020
50912166
51923011
50834010
51918039
51511017
10732632
10058359
51488151
52436806
10058811
50907116
50912154
50905113
51922024
50513215
52333533
50945057
52366849
52437471
51184526
50909094
51939015
50161454
52359504
52430865
52968066
50061449
52988009
10004647
50064510
53086020
52916009
10002456
53124114
52898009
52888009
52420673
52897016
52986008
51742285
51321744
52970061
51858035
51931027
52988007
53025071
51520217
10079504
52429927
10024776
52968064
53022071
51176625
52888026
50467689
10133040
51139013
51124168
10099837
50565134
53139034
53130098
52961070
52969067
10076003
52884027
53004099
53026066
53022041
10049063
52988008
50253374
52972069
51145002
50785017
51456002
52969070
53127090
52988006
53083007
10079034
52972065
10062384
52859012
10061937
52972068
52963061
52892008
52989004
51137305
12638256
52961075
10090365
52122004
50026931
10052408
52302064
10023421
50167593
50810030
50710005
10133776
10048459
10080472
10044140
50018071
50329972
52223434
10081328
50777022
50248295
50709008
50887031
10016183
51152027
50889026
53220168
52507211
50321602
10082395
50918010
10075676
10075915
10728554
12649944
50131162
50060580
50201170
50656002
50026413
50486416
50802003
50855053
51140115
10132482
10110029
51187306
50597029
50596029
51217866
50894043
50482843
53150005
53234173
10891293
10831677
50569545
50276022
52467622
52903006
51308795
50961009
53148034
52431427
51930010
52913030
10103744
52692016
10103943
52227270
52407155
10041662
50723008
50967010
10098174
10096380
51480400
51298079
51929037
51765021
50951868
10560207
10543200
50784158
51137079
53245001
52324522
52230608
53228036
50206644
52103053
10053086
10076166
10076163
10094343
10057014
10052279
10971770
10053119
10555294
10094333
10802198
10108640
10852542
10858169
10869696
50334262
50337798
50545004
50513384
50837010
51124179
52371265
51331080
50912148
50913139
51500158
51144377
51724146
51918030
52255028
52969064
52430165
10098852
50758006
10108641
10100078
52505155
52991079
51905057
12637914
51615009
12638054
53124051
50784188
50526980
52406142
12105764
51148086
12643019
50711010
51304505
50221611
50565078
50911117
10106399
51765032
52408333
51720026
51814055
52796012
50893030
51704020
51656146
52967018
51728135
51749023
52964013
52653013
52978002
51712004
50066203
52420024
53096006
51825015
52220494
51301733
10102183
53249102
50565139
52426769
52329019
52235040
51888045
51291795
53241848
52996027
53092223
53236207
50957018
52486462
52619007
53270038
53256065
53089007
51632043
53025032
51818045
51822054
52065621
52437666
51857061
51144139
51706017
52846091
52813003
52816001
53022070
51823033
52400035
51886044
51885044
53229012
52612014
51820061
53193032
52494427
53278015
53243003
52287277
52228194
53270083
10081667
51826012
51707021
52994015
52964055
53239151
53250052
51888034
53072007
52298058
51689007
52178010
51742230
51930012
